5
1.9884e30 
3.302e23
48.685e23 
5.97219e24
6.4171e23
0
0
0
5.280826466888512E-01
-4.438755748458106E-01
-2.331360797175519E-01
-3.537006086790117E-01
6.874068778354667E-02
7.338475357988247E-02
3.497646002581582E-01
8.458381975527975E-01
3.666705828435264E-01
-1.524401948658054E+00
-5.129023240831614E-01
-1.941153214644391E-01
0
0
0
1.377594528606968E-02
1.364283884258037E-02
5.266956174039631E-03
-1.292864066772340E-02
-2.349804399123428E-02
-1.121231889551043E-02
-1.637145922641450E-02
5.535709281351822E-03
2.400339658103102E-03
5.254510445938901E-03
-1.083351194519822E-02
-5.110866563218837E-03
