26
1.9884e30
3.302e23 
48.685e23 
5.97219e24 
6.4171e23 
1898.13e24 
5.6834e26   
86.813e24 
102.413e24
1.307e22 
7.349e22 
9.394e20 
8.93e22 
4.797e22 
1482e20 
1.08e16
1.8e15
1.53e21
1e17
1.65e16
2.34e20
2.5908e20
2.86e19
9e18
9e19
5.8e19
        0
         0
         0
    0.5281
   -0.4439
   -0.2331
   -0.3537
    0.0687
    0.0734
    0.3498
    0.8458
    0.3667
   -1.5244
   -0.5129
   -0.1941
    0.3030
   -4.8041
   -2.0665
    3.6508
   -8.5851
   -3.7033
   16.2936
   10.4235
    4.3348
   29.2230
   -5.7117
   -3.0655
   12.8873
  -28.6493
  -12.8232
    0.3516
    0.8441
    0.3658
    0.7266
   -2.4781
   -1.3164
    0.3056
   -4.8050
   -2.0670
    0.3071
   -4.8025
   -2.0657
    0.2979
   -4.7995
   -2.0644
   -1.5244
   -0.5128
   -0.1941
   -1.5243
   -0.5128
   -0.1941
   12.8873
  -28.6494
  -12.8234
   12.8871
  -28.6496
  -12.8234
   12.8871
  -28.6496
  -12.8235
   -0.8651
   -2.8806
    0.6311
    1.4964
    1.9835
    0.5944
   -2.7442
    0.3772
    0.1816
    1.5260
    1.3904
    0.5079
    1.5076
    2.8263
    1.3849
   -2.1353
   -2.3724
   -1.7608
         0
         0
         0
    0.0138
    0.0136
    0.0053
   -0.0129
   -0.0235
   -0.0112
   -0.0164
    0.0055
    0.0024
    0.0053
   -0.0108
   -0.0051
    0.0075
    0.0008
    0.0002
    0.0049
    0.0019
    0.0006
   -0.0023
    0.0028
    0.0013
    0.0007
    0.0029
    0.0012
    0.0030
    0.0009
   -0.0006
   -0.0159
    0.0059
    0.0025
    0.0095
    0.0025
   -0.0008
    0.0111
    0.0092
    0.0042
    0.0043
    0.0073
    0.0032
    0.0031
   -0.0032
   -0.0018
    0.0042
   -0.0109
   -0.0045
    0.0049
   -0.0103
   -0.0046
    0.0029
    0.0008
   -0.0006
    0.0030
    0.0008
   -0.0006
    0.0029
    0.0008
   -0.0006
    0.0081
   -0.0044
    0.0003
   -0.0081
    0.0056
    0.0033
   -0.0040
   -0.0092
   -0.0016
   -0.0091
    0.0073
    0.0044
   -0.0079
    0.0035
    0.0010
    0.0056
   -0.0032
   -0.0052